[DefaultBG.png]
filters=finetune2=1,0.000000,0.014035,0.000000,00000000,0.000000;sepia=1;finetune2=1,0.000000,0.471579,0.000000,00000000,0.672515;
moddate=0000379763cf0000
width=320
height=480
textactive=0
